Name: Brandon Anderson
Evergreen Login: andbra16
Computer Science Foundations
Programming as a Way of Life
Homework 8

For each problem that requires a written answer, write (or copy-and-paste)
your answers in this file.  When you are done, you should have replaced all
the ellipses (the three dots) with your answers.


Problem 1-3:

(No answers in this file.)

Problem 4:

Unchanged recommendations: ['Benvolio', 'Escalus', 'Friar Laurence', 'Mercutio', 'Nurse']

Changed recommendations: ['Capulet', 'Juliet', 'Montague', 'Paris', 'Romeo', 'Tybalt']

Problem 5:

Leave the correct one:
Yes

Reason:
The highest influence someone can ever have would be 1/2. This is because in order to get a recommendation you must have a friend and this friend must be friends with someone you are not friends with. So, your friend must have atleast 2 friends you and someone else in order to give a recommendation which would give this friend recommendation an influence of 1/2 because your friend MUST have 2 friends.

Problem 6:

Graph:
Skip...
Reason:
Skip...

Problem 7:

Average rank of influence method: 3.91025641026
Average rank of number of friends in common method: 4.39102564103
Influence method is better.

Problem 8:

(No answers in this file.)

Problem 9:

1000 [23, 453, 456, 467, 1140, 2068, 451, 469, 472, 746]
2000 [1686, 1693, 639, 1160, 1408, 1436, 1685, 1691, 1692, 1694]
3000 [2868, 1156, 3004, 2260, 3002, 244, 639, 867, 2999, 3018]
4000 [284, 3423, 3978, 4012, 3159, 3975, 3977, 3992, 4003, 4004]
5000 [1685, 2152, 2218, 1686, 1687, 1691, 1693, 2660, 1689, 2141]
6000 [22596, 22599, 6015, 40834, 903, 37969, 5792, 40833, 6010, 5232]
7000 [24649, 20401, 34865, 31156, 20934, 38854, 20010, 6956, 9660, 10221]
8000 [1209, 7999, 17802, 1299, 3169, 4481, 5280, 5615, 6662, 13283]
9000 [19228, 10397, 19231, 1632, 7157, 18388, 19286, 1466, 2217, 18397]
10000 [528, 534, 6027, 6237, 32097, 280, 292, 388, 1304, 1337]
11000 [13477, 25839, 6951, 10621, 22987, 1395, 10885, 21955, 27329, 1181]
12000 [3875, 14877, 14884, 3878, 8423, 3901, 14872, 7507, 8272, 9219]
13000 [25755, 27126, 24543, 7765, 25767, 7108, 14684, 15869, 3579, 7111]
14000 [13609, 1236, 305, 464, 774, 2019, 2097, 2382, 2848, 3733]
15000 [23656, 11731, 14484, 26276, 31526, 32017, 11730, 20137, 23673, 26429]
16000 [1089, 55916, 127, 7063, 31291, 857, 1112, 1401, 6876, 7058]
17000 [16998, 516, 2723, 4873, 5246, 11292, 16999, 17733, 18553, 19151]
18000 [18003, 22964, 85, 133, 416, 471, 480, 526, 532, 689]
19000 [1027, 1759, 2979, 3633, 4353, 5377, 5380, 5931, 7408, 7905]
20000 [8096, 11756, 27380, 14360, 26799, 4758, 19310, 27091, 28662, 7224]
21000 [1461, 873, 1456, 1479, 1494, 1518, 1522, 1529, 1622, 6841]
22000 [18839, 7293, 13766, 18808, 5303, 7365, 9630, 10673, 31329, 46446]
23000 [28815, 12030, 15148, 11017, 12015, 4459, 26886, 6365, 12046, 15046]
24000 [150, 360, 471, 492, 720, 870, 1120, 1209, 1381, 1440]
25000 [11038, 12024, 15677, 16031, 30466, 12019, 12035, 16030, 16032, 12044]
26000 [32017, 32025, 11731, 18121, 26429, 26576, 17906, 18110, 20029, 34621]
27000 [6221, 10076, 6224, 6205, 6208, 6194, 6225, 22710, 23167, 26910]
28000 [23, 1445, 4610, 7996, 10397, 11213, 56, 85, 471, 522]
29000 [28606]
30000 [862, 869, 919, 941, 3154, 8180, 8269, 8614, 14473, 14495]
31000 [8148, 24192, 8757, 9143, 11237, 3983, 5204, 7520, 11608, 21716]
32000 [133, 22299, 32668, 15582, 19576, 20809, 27719, 5146, 11615, 19519]
33000 [3598, 8440, 11544, 12248, 32314, 32675, 33001, 280, 313, 432]
34000 [4940, 10887, 10894, 14099, 15429, 25805, 785, 816, 1143, 1547]
35000 [2322, 2332, 2341, 9904, 3943, 5144, 11844, 1143, 1900, 1902]
36000 [32930, 32939, 28405, 35939, 19602, 35573, 24292, 35689, 35748, 35750]
37000 [15, 542, 785, 817, 3588, 4374, 5033, 7540, 7576, 7901]
38000 [7586, 994, 5804, 14233, 14678, 17505, 25203, 25212, 26088, 46539]
39000 [14, 429, 10884, 11784, 12991, 122, 3703, 12970, 12971, 3635]
40000 [18359, 21771, 21795, 32905, 42949, 48472, 207, 397, 1432, 3497]
41000 [27803, 40644, 48063, 779, 1919, 7917, 14096, 17921, 23094, 29523]
42000 [2942, 3360, 5711, 5720, 6442, 6670, 8569, 10086, 10102, 10287]
43000 [171, 196, 545, 546, 560, 1455, 1957, 1963, 2095, 4626]
44000 [33208, 6200, 13765, 15447, 17367, 21064, 30204, 32636, 34316, 34348]
45000 [2322, 2338, 3595, 3880, 3897, 3904, 3910, 3922, 3933, 3938]
46000 [33700, 31799, 13273, 17344, 27579, 36546, 44120, 4401, 17286, 17380]
47000 [7183, 4733, 4736, 7164, 20655, 263, 423, 469, 1029, 1143]
48000 [25172, 26255, 33499, 47998, 25190, 26256, 44153, 47991, 22078, 26257]
49000 [2206, 2572, 37817, 48995, 48996, 48997, 48998, 48999, 49001]
50000 [50001, 6992, 7681, 8089, 9369, 9995, 14534, 15045, 16234, 17206]
51000 [29845, 40214, 40215, 40217]
52000 [6349, 17121]
53000 [1524, 3814, 5482, 8415, 8521, 8861, 9126, 10789, 10790, 11727]
54000 [994, 1495, 1535, 5309, 5424, 6072, 7341, 16301, 17515, 17586]
55000 [11504, 19302, 21996, 22626, 23503, 34236, 39190, 44928, 47087, 48340]
56000 [33925, 6498, 10452, 13325, 16495, 18926, 30332, 30973, 37461, 51988]
57000 [2714, 23, 554, 1078, 1141, 1474, 1476, 1594, 1615, 1739]
58000 [7748, 7750, 7751, 7754, 7756, 7759, 10500, 10505, 12937, 21332]
59000 [3847, 22245, 28648, 30983, 32900, 32905, 35522, 35763, 36099, 38599]
60000 [1739, 8252, 10626, 11103, 14294, 15446, 24421, 31692, 36702, 44849]
61000 [23, 82, 207, 266, 423, 451, 469, 554, 824, 869]
62000 [8136, 10483, 10746, 14927, 18006, 18544, 19863, 21264, 21529, 21939]
63000 [30173, 230, 362, 369, 371, 423, 451, 469, 824, 829]

Problem 10:

1000 [23, 453, 456, 467, 1140, 1009, 16423, 2068, 1011, 469]
2000 [1686, 1693, 1691, 1692, 2117, 2162, 2163, 2164, 7787, 8821]
3000 [2868, 12623, 4653, 4864, 554, 1156, 639, 3002, 3004, 9033]
4000 [28751, 29830, 33373, 53528, 284, 3423, 3978, 4012, 9401, 13454]
5000 [1685, 2152, 2218, 2141, 1691, 1693, 2660, 1686, 1687, 704]
6000 [22596, 40834, 22599, 6015, 53878, 61092, 58637, 37969, 41627, 903]
7000 [24649, 13775, 28568, 34865, 20401, 7160, 26203, 26206, 20934, 31156]
8000 [1689, 4758, 13523, 20165, 1209, 7999, 17802, 3169, 4481, 6662]
9000 [41322, 7999, 21759, 41321, 19228, 19231, 19286, 18388, 13421, 8988]
10000 [32097, 10452, 280, 552, 12670, 24929, 27028, 53942, 4343, 9989]
11000 [25839, 10885, 13477, 10621, 1395, 22987, 10076, 41993, 42129, 53544]
12000 [27846, 3875, 14877, 14884, 8423, 9219, 3878, 3901, 14872, 14902]
13000 [25755, 27126, 24543, 15869, 25767, 7108, 25823, 12985, 3579, 31248]
14000 [13609, 1236, 464, 8194, 16596, 305, 774, 2848, 4639, 4971]
15000 [23656, 11731, 20137, 14484, 31526, 26276, 32017, 20678, 38263, 12333]
16000 [127, 994, 13746, 27461, 857, 55916, 12822, 1089, 45612, 47458]
17000 [16998, 16999, 11292, 19151, 27888, 49414, 516, 2723, 4873, 5246]
18000 [4694, 22964, 6580, 6628, 28110, 39736, 44524, 44526, 44527, 44529]
19000 [17386, 1027, 1759, 2979, 3633, 4353, 5377, 5380, 5931, 7408]
20000 [8096, 11756, 14360, 27380, 26799, 4758, 27091, 11742, 28662, 28807]
21000 [6113, 6373, 7983, 61201, 1504, 5237, 381, 4557, 5651, 5988]
22000 [18839, 16240, 20511, 7999, 10971, 28361, 3050, 61619, 16239, 26740]
23000 [28815, 12030, 15148, 26886, 2183, 4459, 24112, 21362, 15150, 15165]
24000 [2848, 7885, 13404, 20637, 22235, 23615, 32751, 32752, 32753, 150]
25000 [11038, 16031, 15180, 21136, 15677, 6776, 12024, 30466, 12019, 16030]
26000 [32025, 32017, 18121, 11731, 26429, 26576, 17906, 18110, 1667, 38879]
27000 [6221, 10076, 6224, 6205, 6194, 6225, 26910, 6208, 26996, 5788]
28000 [7033, 17125, 15462, 33049, 51105, 16424, 23, 7996, 725, 1539]
29000 [28606]
30000 [862, 869, 919, 941, 3154, 8269, 14473, 14495, 17951, 19611]
31000 [8148, 21272, 11237, 3326, 20928, 29207, 32236, 20561, 9143, 11317]
32000 [5146, 20809, 133, 17186, 22299, 28987, 17404, 32668, 16541, 19576]
33000 [3598, 33001, 3726, 5120, 12321, 13216, 14252, 14676, 19517, 25908]
34000 [1143, 15400, 4940, 10894, 14099, 15429, 25805, 10887, 5130, 5475]
35000 [15417, 7743, 26620, 9875, 11702, 25334, 27548, 28282, 1900, 25585]
36000 [32939, 41053, 35939, 35518, 32930, 31485, 42977, 53473, 28405, 41049]
37000 [15, 542, 785, 817, 3588, 4374, 5033, 7540, 7576, 7901]
38000 [994, 5804, 3105, 5698, 9198, 11242, 12095, 12096, 12647, 16927]
39000 [3635, 14, 429, 10884, 11784, 12991, 3703, 3620, 25563, 122]
40000 [18359, 21795, 21771, 32905, 42949, 48472, 397, 19719, 21794, 24291]
41000 [48063, 27803, 40644, 14096, 29523, 17921, 29932, 37866, 779, 1919]
42000 [2942, 3360, 5711, 5720, 6442, 6670, 8569, 10086, 10102, 10287]
43000 [57206, 60733, 60734, 8787, 17638, 25872, 35508, 56702, 171, 196]
44000 [33208, 34316, 43748, 47480, 61395, 6200, 13765, 15447, 17367, 21064]
45000 [2322, 2338, 3595, 3880, 3897, 3904, 3910, 3922, 3933, 3938]
46000 [31799, 994, 17344, 33700, 44120, 27583, 27579, 40594, 41282, 13273]
47000 [6443, 10076, 12846, 25236, 7183, 4736, 7164, 20655, 4733, 16227]
48000 [25190, 47991, 25172, 33499, 26255, 52067, 47998, 47822, 43047, 26256]
49000 [2206, 2572, 37817, 48995, 48996, 48997, 48998, 48999, 49001]
50000 [50001, 20669, 43838, 44533, 50774, 6992, 46451, 19236, 47885, 41197]
51000 [29845, 40214, 40215, 40217]
52000 [6349, 17121]
53000 [51077, 53001, 1524, 3814, 5482, 8415, 8521, 8861, 9126, 10789]
54000 [994, 1495, 1535, 5309, 5424, 6072, 7341, 16301, 17515, 17586]
55000 [23503, 34236, 48340, 58009, 47087, 30345, 11504, 21996, 22626, 39190]
56000 [33925, 13325, 30973, 57979, 58161, 63494, 6498, 10452, 16495, 18926]
57000 [2714, 23, 554, 3294, 3295, 3358, 3866, 4581, 4963, 5625]
58000 [25103, 25104, 25108, 25111, 25114, 53837, 55995, 7748, 7750, 7751]
59000 [3847, 22245, 28648, 30983, 32900, 32905, 35522, 35763, 36099, 38599]
60000 [10626, 11103, 15446, 24421, 1739, 8252, 14294, 31692, 36702, 44849]
61000 [38671, 61929, 23, 82, 207, 266, 423, 451, 469, 554]
62000 [8136, 10483, 10746, 14927, 18006, 18544, 19863, 21264, 21529, 21939]
63000 [30173, 6930, 21742, 22005, 25114, 40785, 45365, 47055, 58805, 2396]

Problem 11:

Same: 10, Different: 53

Problem 12:

Average rank of influence method: 197.674603175
Average rank of number of friends in common method: 421.785714286
Influence method is better.

Collaboration:

...

Reflection:

Didn't keep track of the time after 7 hours...

(Don't forget to complete the time survey!)
